8.105	1.000	1.000	481.073	50.494	21.324	52.908	0.402	57.790	44.882	30.726	494.612	-156.092	-163.752	-124.114	-84.761	-87.593	-153.566	-159.700	22.045	21.953	102869.000
8.526	1.000	2.000	478.830	47.092	18.682	52.558	0.603	56.852	44.140	29.964	494.234	-155.358	-164.954	-123.543	-84.761	-88.219	-167.669	-171.140	22.045	21.956	102869.000
8.953	1.000	3.000	481.260	49.599	21.135	54.465	2.412	58.369	45.994	29.964	494.801	-154.074	-163.351	-123.924	-85.341	-87.150	-155.134	-161.523	22.045	21.960	102869.000
9.375	1.000	4.000	474.343	46.555	19.248	52.894	1.206	56.680	43.954	27.891	490.452	-153.341	-162.750	-123.924	-84.568	-86.733	-155.525	-158.971	22.045	21.964	102869.000
9.798	1.000	5.000	479.391	49.061	21.513	53.431	2.613	56.852	46.365	30.726	492.532	-152.974	-163.151	-123.353	-83.024	-85.925	-163.556	-168.998	22.045	21.964	102869.000
10.220	1.000	6.000	476.212	47.092	20.381	53.606	0.603	56.289	44.325	30.529	491.398	-154.257	-162.750	-123.924	-83.603	-87.176	-160.618	-164.579	22.045	21.964	102869.000
10.643	1.000	7.000	474.904	47.271	19.626	52.209	1.608	56.477	45.067	29.783	491.020	-154.258	-162.149	-123.353	-83.217	-85.090	-154.742	-156.783	22.045	21.978	102869.000
11.065	1.000	8.000	477.895	50.494	20.381	53.767	1.206	58.369	45.253	29.775	491.020	-152.974	-161.547	-124.495	-83.603	-85.065	-160.422	-164.440	22.045	21.971	102869.000
11.489	1.000	9.000	478.456	51.926	20.758	53.955	1.206	57.415	45.994	30.906	490.263	-152.790	-162.349	-122.972	-83.603	-86.133	-156.896	-159.658	22.045	21.968	102869.000
11.912	1.000	10.000	481.073	49.240	21.135	54.640	0.804	57.431	46.365	30.906	494.234	-152.974	-163.552	-123.543	-84.182	-85.690	-158.855	-162.800	22.045	21.964	102869.000
12.334	1.000	11.000	478.643	46.555	20.947	53.418	2.010	56.492	44.882	29.775	492.532	-153.341	-163.752	-123.734	-84.568	-85.899	-165.123	-168.998	22.045	21.960	102869.000
12.756	1.000	12.000	477.334	48.345	20.381	53.606	1.206	58.166	44.325	30.152	490.641	-153.707	-163.752	-124.114	-83.796	-87.176	-164.144	-167.677	22.045	21.956	102869.000
13.203	1.000	13.000	480.139	49.778	21.890	54.654	1.206	58.353	45.809	30.349	493.667	-152.423	-162.349	-123.543	-84.182	-85.925	-159.051	-162.253	22.045	21.960	102869.000
13.623	1.000	14.000	478.643	50.315	21.702	54.130	1.206	58.541	45.438	31.660	491.587	-152.240	-162.148	-124.305	-83.024	-87.176	-165.906	-166.584	22.045	21.960	102869.000
14.045	1.000	15.000	479.204	48.166	20.569	52.908	1.608	57.603	43.954	31.095	492.721	-154.257	-163.752	-124.305	-84.375	-87.176	-156.504	-157.653	22.045	21.967	102869.000
14.466	1.000	16.000	478.269	47.808	20.758	52.558	1.206	56.665	44.511	30.718	491.398	-153.157	-162.750	-123.734	-83.989	-86.342	-156.700	-158.929	22.045	21.982	102869.000
14.888	1.000	17.000	478.643	52.284	20.192	54.640	1.206	58.932	46.922	31.283	490.641	-152.240	-161.347	-124.686	-83.410	-84.856	-157.680	-158.971	22.045	21.982	102869.000
15.313	1.000	18.000	478.082	48.345	20.003	53.431	1.407	56.289	44.882	30.161	492.532	-154.074	-164.554	-124.495	-84.761	-86.133	-160.226	-166.081	22.045	21.982	102869.000
15.733	1.000	19.000	474.530	45.301	19.060	53.592	1.005	56.117	43.027	29.210	489.696	-154.258	-164.754	-124.305	-84.182	-86.524	-152.783	-158.424	22.045	21.982	102869.000
16.169	1.000	20.000	476.399	48.345	20.192	52.545	1.809	58.182	44.140	29.775	490.830	-152.424	-162.149	-124.305	-82.638	-86.107	-165.319	-174.103	22.045	21.979	102869.000
16.591	1.000	21.000	480.139	51.389	21.513	53.781	0.402	58.541	46.180	32.791	493.856	-153.707	-162.549	-123.543	-83.217	-86.967	-163.948	-163.850	22.045	21.982	102869.000
17.013	1.000	22.000	477.521	48.524	20.758	54.814	2.412	58.557	45.067	29.399	491.776	-152.240	-161.948	-123.353	-83.603	-85.899	-162.773	-167.540	22.045	21.975	102869.000
17.435	1.000	23.000	474.530	46.555	19.437	52.196	1.407	55.366	43.212	29.399	489.318	-154.258	-163.953	-123.163	-83.603	-86.316	-160.814	-164.076	22.045	21.979	102869.000
17.857	1.000	24.000	480.513	49.419	21.324	53.781	1.608	58.353	44.882	30.726	493.667	-153.524	-163.552	-122.972	-84.375	-87.384	-165.319	-170.456	22.045	21.968	102869.000
18.279	1.000	25.000	479.391	48.345	20.003	54.828	1.005	57.790	44.696	30.341	493.667	-155.358	-164.554	-123.162	-83.989	-87.593	-155.525	-162.574	22.045	21.968	102869.000
18.701	1.000	26.000	478.830	49.957	20.758	54.479	2.010	57.415	44.696	30.161	492.532	-152.607	-162.349	-122.401	-82.831	-85.925	-158.463	-162.799	22.045	21.968	102869.000
19.123	1.000	27.000	476.586	48.882	20.758	53.082	1.005	58.166	44.696	30.349	491.965	-154.258	-162.149	-122.592	-83.603	-86.759	-161.597	-164.987	22.045	21.960	102869.000
19.545	1.000	28.000	480.513	51.389	22.456	54.654	1.206	59.291	46.551	31.848	491.209	-152.240	-161.347	-124.114	-82.637	-86.133	-162.968	-168.406	22.045	21.960	102869.000
19.967	1.000	29.000	478.082	48.703	20.758	53.606	0.804	57.040	44.696	29.218	492.910	-152.423	-162.549	-124.495	-84.568	-86.550	-157.288	-160.976	22.045	21.964	102869.000
20.389	1.000	30.000	481.073	53.180	23.400	54.828	1.407	59.854	46.180	32.037	493.288	-152.423	-161.948	-123.543	-83.217	-86.550	-162.968	-166.219	22.045	21.975	102869.000
20.811	1.000	31.000	476.960	48.524	20.569	53.257	1.407	58.166	45.438	29.595	492.154	-152.974	-162.750	-123.543	-83.989	-85.716	-162.969	-166.081	22.045	21.971	102869.000
21.233	1.000	32.000	476.773	46.734	20.192	53.955	1.407	55.539	44.882	29.595	491.398	-154.624	-162.950	-124.685	-83.796	-86.342	-154.154	-154.231	22.045	21.971	102869.000
21.655	1.000	33.000	477.895	47.987	20.569	54.130	0.201	57.228	45.994	30.152	492.343	-154.441	-162.750	-123.924	-83.217	-86.967	-165.906	-170.776	22.045	21.968	102869.000
22.077	1.000	34.000	475.464	49.061	20.192	52.209	1.005	56.477	44.511	29.972	490.074	-152.974	-162.549	-123.924	-84.375	-86.967	-161.989	-163.893	22.045	21.975	102869.000
22.499	1.000	35.000	478.830	49.778	21.513	53.767	1.809	58.182	44.882	31.471	492.343	-152.240	-161.748	-124.686	-83.217	-85.899	-157.092	-163.529	22.045	21.968	102869.000
22.921	1.000	36.000	478.456	49.061	21.513	53.781	1.608	55.726	45.067	31.103	493.477	-154.441	-163.351	-124.685	-84.568	-86.133	-166.886	-170.092	22.045	21.964	102869.000
23.343	1.000	37.000	476.773	49.957	21.890	52.558	1.206	57.603	44.882	30.538	490.263	-151.873	-161.748	-123.924	-84.182	-85.925	-163.556	-167.175	22.045	21.957	102869.000
23.765	1.000	38.000	480.326	49.957	20.003	54.304	0.402	58.916	45.253	31.095	493.856	-153.524	-162.549	-123.734	-83.024	-87.384	-155.525	-160.205	22.045	21.957	102869.000
24.187	1.000	39.000	476.960	47.987	20.569	53.257	1.608	56.852	44.140	30.341	491.209	-154.257	-163.351	-124.114	-84.375	-88.010	-159.443	-164.214	22.045	21.964	102869.000
24.609	1.000	40.000	477.895	48.166	20.003	53.592	0.603	56.868	43.769	27.891	491.587	-154.625	-163.351	-124.876	-84.761	-87.775	-158.464	-163.164	22.045	21.968	102869.000
25.031	1.000	41.000	480.700	49.778	20.947	53.606	0.603	58.729	45.809	31.103	493.477	-153.524	-162.750	-123.543	-84.375	-85.507	-156.896	-161.706	22.045	21.971	102869.000
25.453	1.000	42.000	479.017	50.136	21.513	53.955	0.804	57.790	45.623	31.660	491.398	-153.340	-162.950	-123.353	-83.217	-86.550	-160.030	-163.668	22.045	21.975	102869.000
25.875	1.000	43.000	475.090	48.345	21.513	53.592	0.603	57.243	44.511	29.964	489.318	-151.506	-162.149	-124.115	-82.831	-85.065	-155.917	-158.789	22.045	21.964	102869.000
26.297	1.000	44.000	474.530	47.808	19.060	53.767	1.809	57.055	44.325	29.399	489.318	-153.524	-162.950	-124.686	-83.989	-86.733	-157.680	-159.883	22.045	21.964	102869.000
26.719	1.000	45.000	473.969	46.734	19.248	52.894	1.407	57.431	44.140	29.587	489.507	-152.240	-162.349	-124.305	-83.989	-85.899	-157.288	-163.893	22.045	21.975	102869.000
27.141	1.000	46.000	474.904	47.450	20.192	52.908	2.613	57.040	43.954	29.964	489.129	-152.974	-162.750	-123.353	-83.603	-86.967	-152.979	-158.929	22.045	21.968	102869.000
27.563	1.000	47.000	476.586	45.659	19.248	52.720	1.608	57.243	43.027	29.964	491.398	-153.524	-164.153	-124.495	-84.568	-87.358	-157.680	-164.623	22.045	21.968	102869.000
27.985	1.000	48.000	480.326	50.494	21.890	54.130	2.613	58.166	47.107	32.046	492.910	-152.057	-161.547	-123.353	-83.024	-85.716	-158.072	-160.429	22.045	21.968	102869.000
28.407	1.000	49.000	478.456	47.271	19.248	51.860	1.608	57.040	45.067	29.406	492.532	-153.707	-163.752	-123.543	-85.147	-86.967	-160.422	-165.169	22.045	21.957	102869.000
28.829	1.000	50.000	476.773	49.599	21.324	52.733	0.804	58.166	45.253	30.161	489.318	-152.240	-162.349	-123.353	-84.375	-84.673	-161.597	-163.711	22.045	21.968	102869.000
29.251	1.000	51.000	474.530	44.943	20.003	53.082	1.809	55.914	44.140	29.218	489.696	-153.524	-162.549	-123.163	-83.603	-85.507	-159.247	-162.799	22.045	21.964	102869.000
29.673	1.000	52.000	475.464	46.376	19.060	52.384	-0.000	56.102	43.212	29.587	490.830	-156.092	-163.952	-123.734	-84.182	-87.801	-156.113	-159.293	22.045	21.960	102869.000
30.095	1.000	53.000	476.960	47.987	20.569	53.418	2.412	57.055	46.180	30.906	490.074	-152.240	-161.748	-123.924	-83.410	-85.065	-159.639	-161.706	22.045	21.971	102869.000
30.517	1.000	54.000	479.578	48.703	21.135	53.431	0.804	58.353	45.623	31.103	492.910	-152.974	-163.351	-123.163	-84.375	-85.925	-165.907	-170.274	22.045	21.975	102869.000
30.939	1.000	55.000	476.586	49.240	20.947	53.243	1.608	57.431	43.583	30.341	490.074	-152.057	-161.547	-124.115	-83.217	-85.273	-158.855	-165.170	22.045	21.968	102869.000
31.361	1.000	56.000	472.847	44.227	18.494	52.908	1.407	53.663	42.656	28.464	490.074	-155.725	-164.554	-123.543	-84.375	-87.384	-161.401	-162.799	22.045	21.964	102869.000
31.783	1.000	57.000	478.456	48.524	19.060	53.243	2.010	56.868	44.882	29.210	492.343	-153.157	-162.950	-123.924	-84.568	-86.316	-162.773	-167.540	22.045	21.968	102869.000
32.206	1.000	58.000	476.773	50.136	21.135	53.781	1.608	57.415	45.067	29.595	491.020	-153.524	-163.151	-123.163	-84.568	-86.133	-156.113	-156.601	22.045	21.968	102869.000
32.627	1.000	59.000	479.017	50.315	21.513	52.733	1.005	58.729	45.438	30.726	492.910	-152.607	-162.149	-123.924	-84.568	-85.716	-160.618	-162.070	22.045	21.971	102869.000
33.050	1.000	60.000	481.073	51.031	22.645	55.178	2.613	57.790	45.994	31.292	494.045	-153.524	-163.752	-123.924	-83.024	-85.716	-161.401	-163.893	22.045	21.975	102869.000
33.472	1.000	61.000	478.643	47.987	20.381	53.781	0.603	57.040	44.325	29.972	493.099	-154.991	-163.151	-122.972	-83.796	-88.010	-160.422	-165.169	22.045	21.964	102869.000
33.894	1.000	62.000	477.147	46.017	20.003	52.558	1.608	57.040	43.954	29.595	491.398	-153.891	-163.151	-122.592	-85.534	-87.384	-159.051	-161.888	22.045	21.975	102869.000
34.316	1.000	63.000	477.334	49.420	21.324	54.640	2.010	58.369	46.180	31.848	490.452	-151.323	-162.750	-122.782	-83.217	-85.899	-161.598	-166.628	22.045	21.979	102869.000
34.738	1.000	64.000	478.082	46.913	19.815	53.243	2.010	57.994	43.398	29.775	492.532	-153.524	-164.554	-122.401	-85.148	-87.567	-157.092	-161.159	22.045	21.986	102869.000
35.160	1.000	65.000	481.634	52.642	22.834	54.130	1.809	59.479	46.365	31.480	493.856	-152.607	-161.347	-121.830	-84.375	-84.882	-156.505	-159.336	22.045	21.975	102869.000
35.582	1.000	66.000	475.651	46.913	19.815	52.558	1.206	56.852	44.325	29.406	491.965	-155.175	-163.151	-121.449	-84.182	-86.967	-161.989	-162.070	22.045	21.975	102869.000
36.004	1.000	67.000	477.708	50.136	21.135	53.942	1.809	57.243	43.027	29.964	491.398	-154.258	-162.950	-122.401	-84.375	-86.107	-154.938	-156.419	22.045	21.982	102869.000
36.426	1.000	68.000	478.082	49.778	20.381	53.606	0.402	56.852	43.954	30.152	491.020	-153.707	-163.151	-122.020	-84.182	-86.759	-163.948	-164.761	22.045	21.986	102869.000
36.848	1.000	69.000	481.073	49.419	21.702	53.781	2.010	58.541	45.253	30.538	494.612	-153.891	-163.151	-121.640	-84.954	-86.550	-160.030	-166.628	22.045	21.990	102869.000
37.270	1.000	70.000	476.399	47.987	20.758	53.257	1.005	57.228	44.511	30.349	490.263	-154.624	-162.549	-121.449	-83.603	-87.384	-164.731	-165.352	22.045	21.986	102869.000
37.692	1.000	71.000	479.952	48.882	20.192	52.908	1.809	58.541	45.067	30.349	493.477	-152.790	-162.950	-120.878	-84.568	-85.925	-154.742	-159.700	22.045	21.968	102869.000
38.114	1.000	72.000	478.456	49.240	21.513	54.130	1.407	57.978	44.140	29.218	492.910	-151.873	-161.948	-121.069	-83.989	-85.299	-153.762	-160.429	22.045	21.971	102869.000
38.536	1.000	73.000	477.708	47.450	21.135	54.130	-0.401	57.978	45.067	30.718	492.721	-154.624	-163.151	-120.497	-83.796	-88.427	-166.298	-168.953	22.045	21.979	102869.000
38.958	1.000	74.000	475.090	47.271	20.381	53.781	0.603	56.665	44.696	30.538	489.885	-154.808	-162.950	-121.069	-83.603	-86.342	-159.443	-160.612	22.045	21.975	102869.000
39.380	1.000	75.000	479.952	49.061	22.079	54.291	1.608	58.745	44.511	30.341	492.532	-152.790	-163.552	-122.211	-84.182	-86.316	-159.443	-167.722	22.045	21.979	102869.000
39.801	1.000	76.000	478.082	47.450	20.947	53.767	1.608	57.431	44.696	30.341	491.965	-153.341	-163.752	-121.640	-83.410	-86.107	-159.639	-161.888	22.045	21.979	102869.000
40.223	1.000	77.000	483.504	53.359	22.456	53.955	1.809	60.042	47.107	32.234	495.368	-152.974	-162.549	-121.259	-83.989	-85.507	-158.855	-162.070	22.045	21.972	102869.000
40.645	1.000	78.000	478.643	47.808	20.381	53.942	2.211	56.680	45.438	30.341	492.154	-154.258	-163.351	-121.449	-83.217	-85.690	-159.639	-161.888	22.045	21.961	102869.000
41.067	1.000	79.000	477.895	49.778	21.135	53.592	1.608	57.806	45.253	31.660	490.452	-151.506	-162.950	-121.259	-82.638	-86.316	-158.072	-162.982	22.045	21.953	102869.000
41.489	1.000	80.000	475.464	42.615	18.494	52.370	2.010	55.366	41.914	28.268	491.020	-153.891	-165.155	-122.972	-86.113	-86.941	-159.051	-159.518	22.045	21.957	102869.000
41.911	1.000	81.000	479.578	51.031	20.947	54.291	1.206	58.745	45.067	31.095	493.667	-152.974	-161.948	-123.734	-83.989	-86.941	-157.092	-162.800	22.045	21.960	102869.000
42.333	1.000	82.000	481.260	49.061	21.135	54.465	1.407	57.994	45.994	31.283	494.801	-153.341	-164.153	-122.782	-84.182	-86.524	-162.381	-164.440	22.045	21.957	102869.000
42.755	1.000	83.000	479.952	48.524	21.324	53.955	0.804	57.603	45.623	31.848	492.154	-152.974	-163.151	-122.782	-84.182	-87.384	-159.443	-164.761	22.045	21.953	102869.000
43.177	1.000	84.000	480.326	50.673	21.324	53.082	0.804	59.104	45.994	30.915	493.288	-153.707	-162.950	-121.640	-83.989	-86.133	-161.010	-164.076	22.045	21.946	102869.000
43.599	1.000	85.000	479.578	50.494	20.003	53.431	0.603	57.603	44.696	31.095	491.776	-153.891	-162.950	-122.401	-83.410	-86.967	-162.577	-164.214	22.045	21.957	102869.000
44.021	1.000	86.000	475.464	49.061	20.192	52.558	1.206	57.415	43.769	30.341	488.372	-153.524	-161.948	-122.401	-83.603	-86.133	-161.793	-165.308	22.045	21.968	102869.000
44.443	1.000	87.000	479.204	50.136	21.702	53.418	2.010	59.120	46.922	32.037	491.965	-150.589	-161.748	-122.782	-82.638	-85.273	-161.793	-161.159	22.045	21.968	102869.000
44.865	1.000	88.000	479.952	48.524	20.758	52.733	2.010	58.729	45.809	30.349	493.856	-152.240	-162.750	-123.353	-83.989	-85.716	-161.401	-168.633	22.045	21.968	102869.000
45.287	1.000	89.000	476.212	48.882	20.758	53.243	2.412	58.369	44.696	30.341	489.318	-151.690	-163.552	-123.924	-83.796	-85.482	-155.525	-161.341	22.045	21.968	102869.000
45.709	1.000	90.000	478.269	48.345	21.135	53.082	1.809	57.978	44.325	29.587	491.209	-154.074	-162.950	-123.543	-84.954	-86.550	-155.133	-158.929	22.045	21.961	102869.000
46.131	1.000	91.000	478.082	49.240	20.758	52.908	1.407	57.603	45.253	30.726	492.721	-154.258	-163.151	-124.876	-83.217	-87.176	-160.030	-164.258	22.045	21.964	102869.000
46.553	1.000	92.000	478.082	47.092	20.192	54.640	1.407	57.806	44.325	29.210	491.587	-152.607	-163.351	-125.257	-84.375	-86.941	-156.505	-161.523	22.045	21.975	102869.000
46.974	1.000	93.000	482.382	50.136	21.890	54.814	2.010	59.683	45.994	31.283	494.801	-152.607	-163.953	-125.066	-83.603	-86.316	-156.113	-160.247	22.045	21.979	102869.000
47.396	1.000	94.000	478.830	46.555	19.626	53.069	2.211	57.431	44.325	29.775	494.612	-155.175	-164.955	-124.686	-84.568	-87.358	-158.072	-162.617	22.045	21.975	102869.000
47.818	1.000	95.000	481.634	49.778	21.890	55.178	1.809	58.541	45.809	31.848	493.288	-153.157	-163.151	-124.685	-83.217	-85.507	-162.185	-165.855	22.045	21.968	102869.000
48.240	1.000	96.000	479.765	52.105	20.947	54.814	1.809	59.683	46.180	32.037	492.910	-152.240	-160.746	-126.018	-82.831	-85.690	-159.247	-163.164	22.045	21.972	102869.000
48.662	1.000	97.000	478.456	49.240	21.324	52.558	1.206	57.415	45.253	28.841	492.721	-153.524	-163.151	-125.828	-84.568	-86.342	-165.907	-168.451	22.045	21.975	102869.000
49.084	1.000	98.000	477.708	48.524	19.437	52.908	-0.201	57.040	43.583	29.775	492.532	-154.991	-163.952	-125.827	-83.410	-88.844	-161.989	-164.032	22.045	21.979	102869.000
49.506	1.000	99.000	478.643	49.599	20.569	54.465	1.407	59.120	44.325	30.529	492.721	-152.607	-162.149	-126.018	-83.410	-86.316	-163.165	-165.534	22.045	21.975	102869.000
49.928	1.000	100.000	480.326	49.957	22.079	54.814	1.809	59.871	45.067	32.037	494.045	-152.607	-162.149	-125.066	-83.796	-85.482	-160.226	-167.175	22.045	21.975	102869.000
50.350	1.000	101.000	479.765	51.031	21.513	54.479	0.804	59.104	46.365	32.611	494.045	-154.074	-161.948	-125.066	-83.024	-86.550	-164.927	-169.727	22.045	21.979	102869.000
50.772	1.000	102.000	477.708	47.987	21.324	53.955	1.407	57.415	45.067	29.972	491.398	-152.607	-161.748	-123.543	-83.989	-85.299	-157.484	-160.429	22.045	21.972	102869.000
51.194	1.000	103.000	480.139	50.136	20.947	55.003	2.412	56.852	45.994	31.103	492.910	-153.341	-162.549	-124.305	-83.796	-85.716	-158.659	-160.247	22.045	21.979	102869.000
51.616	1.000	104.000	477.708	51.210	20.569	55.003	0.402	57.415	45.623	31.283	490.263	-151.873	-162.148	-124.114	-82.444	-86.133	-162.185	-167.859	22.045	21.975	102869.000
52.038	1.000	105.000	476.212	44.764	19.060	51.860	1.005	56.102	43.954	28.275	490.830	-154.074	-163.351	-123.924	-86.113	-86.550	-161.206	-162.799	22.045	21.979	102869.000
52.460	1.000	106.000	477.147	51.568	22.456	53.431	1.407	57.978	44.696	30.726	490.074	-152.057	-162.750	-123.163	-84.375	-85.716	-159.443	-163.529	22.045	21.990	102869.000
52.882	1.000	107.000	476.586	49.061	20.758	52.894	1.608	57.619	44.325	29.210	491.398	-153.524	-162.349	-123.734	-84.761	-86.107	-159.835	-162.435	22.045	21.986	102869.000
53.304	1.000	108.000	478.830	50.673	21.324	53.781	1.005	57.978	45.623	31.660	491.020	-152.240	-162.750	-123.543	-83.217	-86.967	-160.030	-162.756	22.045	21.979	102869.000
53.726	1.000	109.000	477.521	48.345	20.758	53.781	2.010	57.790	45.438	31.103	491.398	-153.157	-162.149	-124.495	-83.217	-85.925	-158.072	-162.253	22.045	21.986	102869.000
54.148	1.000	110.000	476.025	50.673	19.626	53.243	1.407	57.806	44.696	28.456	490.641	-151.506	-162.550	-124.876	-83.603	-85.690	-164.144	-168.633	22.045	21.990	102869.000
54.570	1.000	111.000	476.586	48.166	20.947	52.384	1.809	57.415	45.067	29.218	491.020	-154.074	-163.151	-123.353	-84.761	-86.759	-157.680	-158.971	22.045	21.990	102869.000
54.993	1.000	112.000	479.391	48.345	21.324	52.908	1.809	57.978	45.623	30.538	491.398	-153.707	-162.349	-124.114	-84.761	-86.342	-160.814	-162.799	22.045	21.972	102869.000
55.415	1.000	113.000	477.521	47.808	19.626	54.116	1.608	56.305	44.325	30.341	490.452	-153.341	-164.754	-124.305	-84.182	-86.524	-154.938	-158.971	22.045	21.983	102869.000
55.837	1.000	114.000	477.147	48.166	20.003	52.908	0.201	56.477	43.954	30.341	490.074	-154.074	-163.551	-123.734	-84.761	-86.550	-155.525	-158.929	22.045	21.990	102869.000
56.259	1.000	115.000	473.408	46.734	18.871	52.894	1.809	56.117	43.954	27.891	488.940	-153.524	-162.950	-124.686	-83.603	-86.316	-155.721	-156.237	22.045	21.990	102869.000
56.681	1.000	116.000	475.651	47.629	19.626	52.908	-0.401	56.477	43.212	29.775	491.209	-154.808	-163.551	-124.876	-83.603	-88.010	-163.556	-163.485	22.045	21.990	102869.000
57.103	1.000	117.000	477.521	50.136	21.135	53.942	1.005	58.932	45.623	29.587	491.587	-152.607	-161.347	-124.686	-82.831	-85.482	-159.639	-162.253	22.045	21.972	102869.000
57.525	1.000	118.000	478.643	48.524	21.135	53.781	1.206	57.415	44.511	30.726	492.910	-154.441	-163.552	-124.685	-82.444	-85.925	-157.876	-162.617	22.045	21.972	102869.000
57.947	1.000	119.000	475.090	47.629	21.702	54.291	1.005	57.055	44.140	30.341	489.129	-152.057	-162.349	-124.305	-83.217	-84.439	-158.855	-160.612	22.045	21.961	102869.000
58.369	1.000	120.000	478.269	48.703	20.192	53.418	1.206	59.495	43.954	30.529	491.587	-152.607	-162.349	-124.115	-83.989	-86.107	-154.546	-159.883	22.046	21.972	102869.000
58.790	1.000	121.000	478.830	48.524	20.192	54.291	1.608	58.182	45.067	29.022	491.587	-152.974	-161.948	-124.115	-83.410	-86.316	-162.185	-164.623	22.046	21.972	102869.000
59.212	1.000	122.000	473.595	46.913	19.626	53.082	0.603	57.228	44.511	29.972	491.209	-153.891	-161.948	-124.495	-83.410	-87.176	-162.381	-165.534	22.046	21.983	102869.000
59.634	1.000	123.000	477.521	49.420	20.947	53.767	1.206	57.619	45.253	28.456	491.776	-152.974	-163.151	-124.305	-83.603	-86.941	-158.855	-160.430	22.045	21.968	102869.000
60.056	1.000	124.000	475.464	48.703	20.003	53.069	1.407	58.182	43.583	30.341	489.885	-152.240	-161.948	-125.066	-83.024	-85.899	-161.793	-164.440	22.045	21.976	102869.000
60.478	1.000	125.000	477.708	50.494	21.324	54.130	2.010	58.729	46.180	30.349	491.776	-150.956	-161.748	-123.924	-83.217	-85.507	-163.164	-167.904	22.046	21.968	102869.000
60.900	1.000	126.000	475.464	47.629	21.324	52.908	1.407	56.852	44.325	29.406	487.994	-152.607	-161.547	-123.734	-83.410	-86.550	-155.917	-157.695	22.045	21.957	102869.000
61.322	1.000	127.000	475.090	48.882	20.569	53.592	2.211	56.492	44.696	30.341	489.318	-152.240	-162.349	-123.543	-83.796	-85.482	-163.360	-166.263	22.046	21.965	102869.000
61.744	1.000	128.000	477.708	48.882	21.324	54.304	1.407	57.603	44.511	30.718	489.885	-153.340	-163.351	-124.305	-84.375	-87.384	-154.154	-156.742	22.046	21.968	102869.000
62.165	1.000	129.000	477.895	49.599	21.324	53.257	1.407	57.978	44.882	30.915	490.452	-152.607	-162.549	-124.495	-83.410	-86.342	-159.639	-160.429	22.046	21.976	102869.000
62.587	1.000	130.000	479.391	52.822	22.268	54.814	1.608	59.683	45.994	32.225	491.776	-151.323	-160.946	-125.447	-82.638	-85.065	-161.989	-163.711	22.046	21.972	102869.000
63.009	1.000	131.000	473.782	48.166	21.135	52.384	2.010	56.102	44.325	29.783	489.129	-153.524	-161.347	-124.114	-82.831	-85.299	-153.371	-155.325	22.046	21.979	102869.000
63.431	1.000	132.000	473.408	47.987	20.947	52.558	0.804	56.289	43.398	29.218	488.372	-152.607	-162.149	-123.734	-83.989	-86.133	-161.206	-165.352	22.046	21.979	102869.000
63.853	1.000	133.000	473.034	45.122	19.248	52.545	0.603	54.803	43.027	27.137	488.940	-154.625	-163.552	-123.924	-84.954	-86.316	-159.051	-162.253	22.046	21.972	102869.000
64.275	1.000	134.000	473.969	47.808	20.003	53.592	1.206	57.431	44.511	28.645	489.696	-151.690	-161.147	-124.876	-83.410	-85.690	-157.288	-157.877	22.046	21.961	102869.000
64.697	1.000	135.000	476.960	47.629	19.626	53.069	1.809	57.806	44.325	28.645	492.154	-152.790	-162.550	-124.115	-83.796	-86.941	-166.299	-167.904	22.046	21.968	102869.000
65.119	1.000	136.000	475.651	46.376	19.626	52.894	1.206	56.492	43.398	29.399	489.885	-154.258	-163.752	-124.686	-84.182	-87.775	-160.422	-162.435	22.046	21.972	102869.000
65.541	1.000	137.000	479.578	48.524	20.569	53.606	1.206	58.916	45.809	29.972	493.099	-152.790	-162.549	-124.876	-84.182	-86.550	-161.206	-165.169	22.046	21.983	102869.000
65.963	1.000	138.000	475.464	48.882	20.192	54.640	1.809	57.994	45.809	29.399	489.696	-152.607	-162.750	-125.447	-83.989	-86.316	-158.855	-161.523	22.046	21.983	102869.000
66.385	1.000	139.000	476.960	48.882	21.135	54.465	1.407	57.806	44.511	30.341	489.318	-152.607	-162.149	-125.066	-83.410	-85.690	-155.525	-159.154	22.046	21.983	102869.000
66.807	1.000	140.000	477.334	46.196	17.927	52.545	1.809	56.868	43.954	29.587	492.910	-154.074	-162.950	-126.399	-84.568	-87.150	-161.598	-166.263	22.046	21.979	102869.000
67.229	1.000	141.000	475.277	48.166	19.815	53.243	2.412	57.619	44.140	29.587	490.641	-153.157	-162.950	-126.399	-83.989	-86.107	-161.010	-162.617	22.046	21.972	102869.000
67.651	1.000	142.000	478.082	49.778	20.569	54.304	1.206	57.040	45.067	30.538	492.721	-153.341	-162.950	-125.257	-83.410	-85.716	-162.381	-164.623	22.046	21.968	102869.000
68.073	1.000	143.000	473.408	47.271	18.871	52.035	1.407	55.914	43.027	28.087	490.263	-152.974	-162.950	-124.876	-84.568	-86.133	-154.938	-160.612	22.046	21.957	102869.000
68.495	1.000	144.000	479.017	49.957	22.079	54.304	2.211	57.415	46.365	32.423	492.154	-152.423	-162.549	-124.495	-83.217	-85.507	-163.752	-166.993	22.046	21.954	102869.000
68.917	1.000	145.000	477.334	48.524	20.947	53.069	2.010	57.243	45.067	30.718	490.830	-153.341	-163.953	-125.066	-83.603	-86.524	-157.092	-160.612	22.046	21.950	102869.000
69.339	1.000	146.000	477.895	49.957	20.947	54.465	1.005	58.557	44.696	29.964	491.965	-151.690	-161.547	-126.018	-83.410	-85.482	-164.144	-170.639	22.046	21.957	102869.000
69.761	1.000	147.000	475.838	47.987	20.758	53.942	2.412	57.055	44.696	30.152	489.507	-152.240	-162.750	-125.447	-83.603	-85.482	-157.876	-161.523	22.046	21.957	102869.000
70.183	1.000	148.000	475.651	47.092	19.060	52.894	1.809	55.929	44.325	27.702	490.452	-155.358	-164.354	-126.208	-84.954	-86.524	-162.773	-163.347	22.046	21.965	102869.000
70.605	1.000	149.000	474.904	47.092	19.815	52.209	0.804	55.539	43.027	29.210	489.318	-154.624	-163.752	-125.827	-83.603	-86.967	-154.937	-161.480	22.046	21.965	102869.000
71.027	1.000	150.000	477.334	48.166	20.192	53.257	0.603	57.415	44.140	31.095	491.587	-153.891	-162.549	-125.447	-83.410	-87.176	-159.638	-163.121	22.046	21.961	102869.000
71.449	1.000	151.000	473.221	48.524	19.815	53.781	1.809	55.914	44.325	29.972	488.372	-152.607	-162.549	-124.685	-82.831	-85.925	-156.700	-160.976	22.046	21.972	102869.000
71.871	1.000	152.000	476.960	47.808	19.815	52.209	1.206	57.228	44.511	28.841	491.398	-153.341	-162.950	-124.305	-83.603	-86.759	-157.288	-157.877	22.046	21.969	102869.000
72.293	1.000	153.000	479.578	49.420	20.381	54.814	1.407	58.557	44.325	29.210	494.045	-154.258	-163.953	-125.257	-84.954	-86.107	-162.185	-166.081	22.046	21.965	102869.000
72.715	1.000	154.000	476.586	49.240	21.324	53.431	1.206	57.415	46.551	31.480	490.452	-152.790	-161.948	-125.257	-83.024	-86.342	-158.267	-159.883	22.046	21.976	102869.000
73.136	1.000	155.000	478.830	50.673	20.947	54.291	1.608	56.680	45.067	30.529	491.209	-153.157	-162.550	-125.066	-82.831	-85.482	-154.546	-155.507	22.046	21.965	102869.000
73.558	1.000	156.000	476.212	49.957	20.947	53.418	1.206	58.369	45.809	29.399	490.452	-151.873	-161.347	-125.828	-83.410	-85.273	-158.072	-160.430	22.046	21.969	102869.000
73.980	1.000	157.000	478.082	50.673	21.890	53.781	1.206	58.541	45.438	31.283	489.129	-152.056	-161.146	-126.399	-83.024	-86.342	-159.443	-161.663	22.046	21.972	102869.000
74.402	1.000	158.000	477.895	48.524	21.513	53.606	0.402	57.228	45.623	29.218	491.398	-152.974	-162.950	-125.447	-84.568	-86.550	-166.886	-170.821	22.046	21.976	102869.000
74.825	1.000	159.000	473.782	44.764	19.248	52.035	2.010	54.788	42.471	29.595	490.263	-154.808	-163.752	-125.828	-84.954	-86.759	-159.443	-162.799	22.046	21.969	102869.000
75.246	1.000	160.000	473.595	47.629	20.569	52.035	1.608	56.477	43.769	29.398	487.049	-152.974	-161.347	-125.256	-82.830	-86.342	-161.010	-162.392	22.046	21.969	102869.000
75.669	1.000	161.000	480.139	49.061	21.324	53.767	1.809	58.745	46.551	31.848	493.667	-151.506	-162.550	-126.018	-82.638	-85.273	-162.773	-162.982	22.046	21.972	102869.000
76.090	1.000	162.000	477.708	48.703	20.947	54.479	0.603	57.603	45.253	31.292	490.641	-152.607	-161.547	-127.160	-83.410	-86.759	-160.422	-162.617	22.046	21.976	102869.000
76.512	1.000	163.000	479.204	49.599	19.437	53.592	2.211	57.806	45.438	29.587	492.532	-153.708	-162.750	-127.351	-83.603	-87.150	-160.814	-161.159	22.046	21.983	102869.000
76.935	1.000	164.000	478.830	48.524	20.569	52.384	1.206	57.603	45.067	29.972	491.398	-153.341	-163.351	-126.399	-84.568	-86.967	-158.072	-161.706	22.046	21.987	102869.000
77.357	1.000	165.000	477.708	49.419	20.003	54.479	0.603	57.603	45.253	31.669	492.343	-153.524	-161.948	-126.779	-83.024	-86.550	-162.381	-165.899	22.046	21.983	102869.000
77.779	1.000	166.000	479.765	49.957	20.003	54.116	2.010	58.557	44.882	30.341	492.910	-153.341	-161.948	-128.874	-83.410	-86.316	-162.969	-167.540	22.046	21.983	102869.000
78.201	1.000	167.000	477.147	49.061	20.569	54.479	0.804	57.978	45.623	31.669	491.587	-154.441	-161.347	-126.779	-83.217	-86.550	-161.793	-166.263	22.046	21.995	102869.000
78.623	1.000	168.000	476.025	48.166	18.682	53.942	1.407	57.431	43.769	29.210	491.209	-153.524	-163.552	-128.493	-84.761	-86.733	-158.659	-161.341	22.046	21.987	102869.000
79.045	1.000	169.000	478.269	49.599	21.513	54.291	1.206	58.182	44.140	31.283	491.587	-152.240	-162.349	-127.541	-83.603	-85.690	-160.031	-161.341	22.046	21.980	102869.000
79.467	1.000	170.000	476.212	51.747	22.079	55.527	1.407	57.790	46.365	30.915	491.209	-153.157	-161.146	-126.779	-82.444	-84.882	-161.401	-166.081	22.046	21.984	102869.000
79.889	1.000	171.000	476.212	50.494	21.513	52.384	1.206	58.353	45.067	30.726	490.074	-152.240	-161.547	-126.589	-84.182	-85.507	-163.164	-165.899	22.046	21.984	102869.000
80.311	1.000	172.000	472.473	47.629	19.437	53.431	0.804	57.415	44.696	30.161	488.183	-153.524	-161.547	-126.399	-83.796	-86.133	-160.030	-164.440	22.046	21.980	102869.000
80.733	1.000	173.000	481.260	47.987	20.947	55.352	0.804	57.415	44.325	29.964	494.045	-153.707	-163.151	-126.399	-83.603	-88.219	-158.463	-162.756	22.046	21.980	102869.000
81.155	1.000	174.000	475.651	47.092	20.758	52.894	1.608	57.994	43.769	30.529	489.318	-152.424	-161.948	-125.637	-82.831	-84.648	-149.453	-154.414	22.046	21.984	102869.000
81.577	1.000	175.000	477.334	47.271	20.003	53.418	1.407	57.055	43.954	28.456	492.343	-152.974	-163.151	-125.828	-85.148	-87.150	-157.680	-159.518	22.046	21.980	102869.000
81.999	1.000	176.000	479.578	48.882	20.569	54.116	2.211	58.557	45.253	30.718	493.288	-152.974	-162.750	-126.589	-84.182	-86.524	-159.051	-163.529	22.046	21.976	102869.000
82.421	1.000	177.000	477.708	50.136	20.192	53.606	-0.000	57.415	45.438	31.283	490.830	-152.240	-161.347	-125.447	-81.865	-86.550	-159.051	-158.564	22.046	21.984	102869.000
82.843	1.000	178.000	476.399	50.136	19.815	53.767	1.809	58.182	43.954	30.718	490.452	-152.974	-161.948	-126.399	-83.603	-85.899	-158.855	-163.711	22.046	21.984	102869.000
83.265	1.000	179.000	471.538	46.017	18.682	52.384	1.005	55.726	43.398	29.218	489.129	-154.441	-162.549	-125.637	-83.989	-86.967	-161.206	-162.799	22.046	21.991	102869.000
83.687	1.000	180.000	479.391	48.524	20.758	54.304	1.809	57.415	44.511	30.906	492.154	-153.891	-163.151	-125.256	-83.603	-86.967	-165.515	-167.313	22.046	21.991	102869.000
84.109	1.000	181.000	475.464	49.778	19.248	52.894	1.206	57.994	45.067	29.775	490.641	-152.974	-162.349	-125.637	-83.796	-85.482	-173.546	-175.014	22.046	21.991	102869.000
84.531	1.000	182.000	474.530	46.734	20.003	53.606	1.206	56.665	43.212	30.529	489.318	-153.157	-162.349	-125.256	-82.830	-86.967	-158.463	-162.392	22.046	21.995	102869.000
84.953	1.000	183.000	481.447	51.210	21.324	55.338	2.010	58.557	45.623	29.587	493.477	-153.157	-162.950	-125.447	-84.568	-86.316	-157.680	-160.247	22.046	21.980	102869.000
85.375	1.000	184.000	474.717	45.659	19.437	52.733	0.804	55.539	42.842	29.210	489.318	-153.891	-163.151	-124.495	-84.182	-86.759	-165.515	-167.677	22.046	21.976	102869.000
85.797	1.000	185.000	480.513	51.568	22.645	55.352	1.206	57.603	46.551	31.669	492.721	-152.974	-162.149	-125.637	-83.603	-85.090	-160.814	-165.534	22.046	21.984	102869.000
86.219	1.000	186.000	477.708	47.450	19.626	54.116	2.010	57.431	43.954	30.529	492.154	-153.891	-164.554	-125.447	-84.761	-86.524	-158.268	-160.794	22.046	21.987	102869.000
86.641	1.000	187.000	478.269	48.703	21.890	55.513	2.412	58.182	44.140	29.964	491.776	-152.240	-162.349	-126.208	-83.410	-85.899	-159.639	-167.357	22.046	21.980	102869.000
87.063	1.000	188.000	477.708	46.913	20.758	53.592	2.211	57.619	43.027	29.775	490.452	-153.157	-163.752	-125.828	-84.761	-86.733	-157.484	-160.794	22.046	22.002	102869.000
87.485	1.000	189.000	478.456	49.240	20.758	53.955	0.603	57.790	45.067	31.095	492.154	-153.524	-162.750	-125.066	-83.603	-86.342	-158.267	-160.751	22.046	21.998	102869.000
87.907	1.000	190.000	477.147	49.778	20.003	54.640	2.010	58.932	45.067	30.152	491.587	-151.506	-161.147	-125.637	-82.831	-86.107	-166.690	-169.180	22.046	21.987	102869.000
88.329	1.000	191.000	476.025	49.240	20.381	53.767	1.608	59.308	45.067	30.906	489.885	-151.323	-161.948	-125.066	-83.217	-85.065	-152.979	-155.872	22.046	21.987	102869.000
88.750	1.000	192.000	480.139	47.629	21.324	54.989	1.407	57.619	45.438	30.906	494.423	-154.258	-164.754	-124.495	-84.954	-87.358	-162.969	-164.258	22.046	21.980	102869.000
89.172	1.000	193.000	476.399	48.882	18.682	52.196	2.010	57.243	43.398	29.210	491.587	-152.607	-162.950	-125.257	-83.989	-85.690	-158.072	-160.065	22.046	21.980	102869.000
89.594	1.000	194.000	481.260	50.673	22.268	53.955	1.206	58.541	45.809	31.480	493.667	-154.624	-164.153	-123.734	-85.534	-86.550	-155.525	-161.523	22.046	21.984	102869.000
90.016	1.000	195.000	471.725	46.017	19.437	52.558	1.206	55.726	43.769	29.964	487.238	-153.891	-162.549	-124.114	-83.217	-86.967	-157.484	-159.476	22.046	21.980	102869.000
90.438	1.000	196.000	481.634	49.957	22.645	55.862	1.809	58.932	45.809	31.660	493.477	-151.690	-163.552	-125.066	-83.024	-85.899	-162.185	-164.987	22.046	21.980	102869.000
90.860	1.000	197.000	476.212	48.703	20.192	53.606	0.603	57.415	44.511	30.161	492.721	-154.991	-162.750	-124.495	-83.989	-87.176	-160.814	-163.893	22.046	21.973	102869.000
91.282	1.000	198.000	475.838	48.166	19.626	54.116	2.010	57.243	43.954	29.399	490.452	-152.607	-161.347	-125.828	-83.217	-85.482	-151.216	-156.419	22.046	21.977	102869.000
91.704	1.000	199.000	479.204	47.808	20.192	54.465	1.809	57.806	43.954	30.718	492.910	-153.341	-163.351	-125.828	-84.375	-86.941	-162.773	-166.628	22.046	21.977	102869.000
92.125	1.000	200.000	479.578	50.136	21.890	54.465	2.412	56.680	45.253	31.095	492.154	-152.607	-163.151	-124.876	-83.989	-85.482	-154.742	-159.518	22.046	21.958	102869.000
92.547	1.000	201.000	475.838	47.808	20.192	53.955	1.608	57.228	45.438	30.538	490.452	-153.891	-161.347	-124.685	-82.637	-85.507	-161.793	-164.805	22.046	21.966	102869.000
92.969	1.000	202.000	481.447	52.105	22.268	54.465	1.608	58.369	46.180	30.906	493.099	-152.424	-163.151	-124.686	-84.375	-85.690	-156.701	-157.695	22.046	21.954	102869.000
93.391	1.000	203.000	478.082	51.747	22.079	54.654	0.603	58.729	46.180	32.414	491.020	-152.423	-159.743	-125.256	-81.093	-85.924	-159.051	-162.027	22.047	21.951	102869.000
93.813	1.000	204.000	478.269	48.882	20.947	54.304	1.608	57.040	44.696	30.538	491.587	-154.441	-161.948	-124.876	-83.410	-87.176	-158.855	-162.253	22.046	21.954	102869.000
94.235	1.000	205.000	477.147	48.703	21.324	54.291	1.005	57.994	43.954	30.152	491.965	-151.506	-163.151	-125.447	-83.217	-86.316	-160.814	-165.534	22.047	21.962	102869.000
94.657	1.000	206.000	480.513	49.957	21.890	53.606	1.206	59.104	45.623	31.103	492.343	-152.607	-162.349	-125.066	-84.182	-86.342	-158.855	-163.164	22.047	21.962	102869.000
95.079	1.000	207.000	475.277	47.450	20.947	52.894	1.407	57.431	44.882	29.964	489.507	-151.873	-162.750	-125.257	-84.568	-85.690	-166.103	-172.097	22.047	21.973	102869.000
95.501	1.000	208.000	477.334	47.092	20.569	53.431	1.005	55.914	43.954	29.775	492.910	-155.541	-163.151	-125.066	-83.796	-87.593	-154.742	-158.382	22.047	21.973	102869.000
95.922	1.000	209.000	477.334	46.376	20.192	54.291	1.809	57.431	42.842	28.645	492.721	-154.625	-163.552	-125.828	-84.761	-87.358	-158.855	-162.435	22.047	21.977	102869.000
96.344	1.000	210.000	477.334	47.450	20.947	53.955	1.809	56.852	43.769	30.161	491.587	-152.790	-161.547	-125.066	-82.831	-85.716	-161.793	-165.352	22.047	21.973	102869.000
96.765	1.000	211.000	477.521	46.555	19.248	52.558	2.412	54.976	44.511	30.161	492.721	-154.258	-164.353	-125.447	-84.568	-86.759	-159.834	-162.799	22.047	21.969	102869.000
97.187	1.000	212.000	478.269	49.778	19.626	52.558	1.608	57.040	43.954	28.464	492.343	-154.441	-164.554	-125.066	-85.727	-86.550	-159.834	-159.336	22.047	21.977	102869.000
97.609	1.000	213.000	478.456	49.240	20.758	53.082	1.809	58.166	45.438	30.538	491.587	-154.258	-163.351	-125.066	-84.568	-86.550	-162.577	-165.352	22.047	21.958	102869.000
98.032	1.000	214.000	477.708	51.389	22.834	54.828	-0.000	58.729	46.736	31.848	490.830	-152.607	-160.144	-125.256	-82.251	-86.342	-162.185	-167.859	22.047	21.973	102869.000
98.454	1.000	215.000	476.399	49.061	19.626	52.720	1.608	58.557	45.253	29.964	491.776	-152.974	-162.349	-126.399	-83.796	-85.899	-158.855	-160.794	22.047	21.969	102869.000
98.876	1.000	216.000	477.334	48.345	21.324	53.767	0.804	57.431	44.325	29.964	490.263	-152.240	-163.151	-125.447	-83.410	-86.316	-159.247	-162.070	22.047	21.981	102869.000
99.298	1.000	217.000	473.969	46.376	19.437	52.035	1.809	56.289	43.583	29.964	488.562	-152.974	-162.750	-124.876	-84.568	-87.384	-165.906	-167.677	22.047	21.981	102869.000
99.720	1.000	218.000	475.277	47.092	19.815	52.370	2.211	56.680	42.842	29.964	490.074	-153.891	-162.550	-126.018	-83.989	-86.316	-159.639	-163.164	22.047	21.955	102869.000
100.142	1.000	219.000	477.895	49.957	21.513	55.178	1.005	57.228	45.438	31.480	491.587	-154.074	-162.149	-125.066	-83.217	-85.925	-161.989	-161.341	22.047	21.951	102869.000
100.563	1.000	220.000	476.960	49.240	21.702	53.767	0.804	57.806	45.253	31.660	490.830	-152.240	-162.349	-125.828	-83.024	-86.524	-163.752	-164.987	22.047	21.951	102869.000
100.985	1.000	221.000	476.399	48.703	20.192	52.908	1.206	56.477	44.882	29.595	491.587	-154.624	-162.349	-124.685	-83.217	-86.550	-156.505	-160.976	22.047	21.951	102869.000
101.407	1.000	222.000	482.008	49.420	21.513	54.465	3.015	58.182	46.365	31.283	494.234	-153.524	-164.554	-125.447	-83.410	-85.690	-159.639	-163.711	22.047	21.951	102869.000
101.829	1.000	223.000	475.651	47.987	19.060	52.209	0.804	57.040	44.882	29.972	492.343	-155.358	-163.552	-125.637	-83.603	-85.299	-155.917	-159.336	22.047	21.933	102869.000
102.251	1.000	224.000	478.082	47.092	20.192	52.908	0.201	55.914	43.769	30.161	493.099	-156.459	-165.155	-124.876	-84.761	-88.636	-155.917	-159.518	22.047	21.962	102869.000
102.672	1.000	225.000	478.082	49.240	20.947	53.942	1.206	58.557	44.325	30.529	491.776	-151.873	-163.351	-124.305	-83.410	-85.690	-151.804	-157.877	22.047	21.955	102869.000
103.094	1.000	226.000	476.025	45.480	19.626	53.069	1.005	56.868	44.882	29.587	491.587	-153.708	-164.754	-124.876	-84.182	-87.150	-159.639	-160.977	22.047	21.955	102869.000
103.516	1.000	227.000	478.269	48.166	20.758	53.418	1.809	57.806	44.882	30.152	492.532	-152.974	-162.950	-125.257	-83.796	-85.899	-159.247	-161.341	22.047	21.959	102869.000
103.938	1.000	228.000	477.521	48.703	20.947	53.606	-0.201	58.166	45.438	30.915	492.343	-154.808	-162.549	-124.114	-83.796	-86.342	-156.505	-160.065	22.047	21.959	102869.000
104.360	1.000	229.000	475.277	48.524	20.758	53.082	0.402	56.477	44.882	30.161	490.452	-154.258	-161.948	-125.066	-83.796	-86.759	-165.123	-168.086	22.047	21.966	102869.000
104.782	1.000	230.000	475.464	49.419	21.890	54.479	0.603	57.415	45.994	31.292	491.398	-153.524	-161.547	-124.305	-82.444	-85.299	-160.030	-163.346	22.047	21.970	102869.000
105.204	1.000	231.000	479.204	50.136	21.324	54.989	1.809	59.120	45.994	29.775	492.532	-152.790	-162.550	-125.066	-83.796	-86.733	-156.701	-160.794	22.047	21.977	102869.000
105.626	1.000	232.000	475.651	47.808	20.003	52.545	0.804	57.055	43.398	30.529	489.696	-153.157	-164.153	-125.257	-83.603	-87.358	-155.330	-156.419	22.047	21.973	102869.000
106.048	1.000	233.000	477.521	47.271	18.682	52.545	1.407	57.619	44.140	29.964	493.099	-152.790	-163.151	-126.399	-83.410	-85.899	-153.763	-158.971	22.047	21.962	102869.000
106.470	1.000	234.000	476.212	49.599	20.192	54.116	0.804	58.369	45.067	29.399	490.263	-151.873	-160.746	-125.447	-83.410	-85.899	-159.835	-164.258	22.047	21.962	102869.000
106.892	1.000	235.000	480.326	49.420	21.702	54.116	2.412	58.745	44.882	31.660	493.099	-153.157	-162.750	-125.637	-83.796	-86.524	-164.732	-166.081	22.047	21.948	102869.000
107.314	1.000	236.000	475.838	47.271	18.682	53.243	1.407	57.243	43.398	29.210	490.074	-152.607	-163.351	-126.970	-84.182	-87.150	-159.835	-164.258	22.047	21.959	102869.000
107.736	1.000	237.000	475.090	48.703	19.815	52.733	1.608	55.351	43.212	29.783	490.452	-153.891	-162.349	-125.828	-83.603	-85.716	-159.247	-162.435	22.047	21.963	102869.000
108.158	1.000	238.000	478.643	52.105	21.324	53.955	1.809	57.978	44.325	30.161	491.587	-152.423	-162.349	-125.828	-83.989	-86.133	-159.443	-159.153	22.047	21.951	102869.000
108.580	1.000	239.000	475.464	49.420	19.626	52.894	1.407	57.994	45.253	29.022	489.318	-151.140	-160.946	-126.589	-83.410	-85.482	-153.175	-154.414	22.047	21.963	102869.000
109.002	1.000	240.000	476.960	49.240	21.324	54.304	0.804	57.978	44.882	31.283	490.830	-153.157	-162.148	-126.208	-83.217	-87.176	-157.680	-159.293	22.047	21.966	102869.000
109.424	1.000	241.000	477.708	47.808	20.003	54.291	2.211	58.182	44.325	28.456	492.910	-152.790	-163.351	-126.589	-84.182	-85.482	-159.247	-161.523	22.047	21.970	102869.000
109.846	1.000	242.000	477.895	49.061	20.947	53.606	-0.000	57.790	45.809	31.103	493.099	-155.175	-163.351	-126.589	-82.444	-86.550	-163.164	-165.716	22.047	21.963	102869.000
110.267	1.000	243.000	479.204	49.957	20.758	54.479	1.005	58.166	45.438	31.103	494.423	-153.524	-162.549	-126.399	-83.024	-86.550	-163.164	-167.175	22.047	21.970	102869.000
110.688	1.000	244.000	480.887	50.673	21.890	54.828	0.201	58.541	45.994	31.095	493.477	-152.974	-161.547	-126.970	-83.024	-86.967	-164.339	-168.953	22.047	21.977	102869.000
111.110	1.000	245.000	475.651	46.555	19.248	53.257	0.402	55.914	43.769	29.587	490.641	-153.891	-162.950	-126.208	-83.410	-87.801	-162.772	-165.490	22.047	21.988	102869.000
111.532	1.000	246.000	478.082	49.240	20.758	53.418	1.608	56.680	45.067	31.095	491.776	-153.341	-164.754	-127.541	-83.989	-85.690	-153.567	-157.148	22.047	21.981	102869.000
111.954	1.000	247.000	476.212	47.629	20.381	52.035	1.809	57.790	44.882	30.349	490.830	-154.074	-162.750	-126.018	-84.568	-87.176	-159.639	-159.153	22.047	21.974	102869.000
112.376	1.000	248.000	476.960	48.882	21.324	52.733	-0.201	57.603	45.253	30.906	490.830	-153.157	-161.948	-126.208	-82.637	-86.759	-160.226	-162.574	22.047	21.977	102869.000
112.798	1.000	249.000	479.765	51.210	21.890	54.304	1.005	59.479	45.994	32.800	492.154	-152.423	-161.347	-126.589	-83.024	-86.550	-164.731	-166.993	22.047	21.974	102869.000
113.220	1.000	250.000	475.464	44.943	19.626	52.558	2.010	54.601	43.027	29.406	492.343	-154.258	-163.552	-126.018	-84.568	-85.925	-169.237	-171.368	22.047	21.988	102869.000
113.642	1.000	251.000	476.399	46.555	20.381	51.511	0.603	57.228	44.882	31.283	490.830	-154.441	-163.952	-125.827	-84.761	-86.342	-159.247	-163.485	22.047	21.992	102869.000
114.064	1.000	252.000	479.578	51.926	22.456	53.955	1.407	59.854	46.365	31.480	492.343	-152.057	-161.547	-124.685	-84.182	-84.465	-158.267	-160.976	22.047	21.970	102869.000
114.486	1.000	253.000	480.326	49.778	22.268	54.304	1.206	58.916	45.623	32.234	493.288	-153.157	-161.948	-124.876	-82.637	-85.925	-163.360	-166.628	22.047	21.977	102869.000
114.908	1.000	254.000	475.464	45.838	19.248	52.733	0.201	56.289	43.954	29.398	489.507	-154.624	-163.351	-124.685	-83.410	-87.593	-162.577	-169.135	22.047	21.981	102869.000
115.330	1.000	255.000	479.204	50.494	20.947	53.606	0.603	57.415	45.623	30.718	492.154	-152.974	-162.148	-124.876	-82.830	-86.967	-155.525	-161.845	22.047	21.974	102869.000
115.752	1.000	256.000	475.090	45.301	19.060	52.545	2.211	56.305	43.583	29.587	490.074	-154.258	-163.953	-125.828	-84.568	-87.150	-162.969	-166.263	22.047	21.970	102869.000
116.174	1.000	257.000	479.578	49.420	21.324	53.767	1.005	59.495	44.511	28.833	493.288	-153.524	-163.351	-125.828	-84.568	-86.316	-166.103	-168.269	22.047	21.966	102869.000
116.596	1.000	258.000	478.269	50.494	21.324	54.116	1.608	59.495	44.882	31.660	490.830	-150.773	-160.545	-125.828	-82.058	-85.065	-162.773	-166.263	22.047	21.970	102869.000
117.018	1.000	259.000	477.895	48.703	20.192	53.082	2.412	55.726	44.696	29.783	492.154	-153.524	-163.952	-125.637	-84.568	-85.507	-159.443	-162.799	22.047	21.977	102869.000
117.440	1.000	260.000	473.408	46.734	19.437	52.209	0.402	56.477	44.140	29.587	488.940	-154.074	-162.950	-125.447	-83.217	-87.593	-163.752	-165.490	22.047	21.981	102869.000
117.862	1.000	261.000	476.960	47.987	20.192	53.592	2.010	56.868	43.398	29.964	491.587	-152.974	-163.953	-126.018	-83.989	-85.482	-157.876	-159.700	22.047	21.985	102869.000
118.284	1.000	262.000	479.017	49.599	20.192	54.291	1.206	58.182	45.623	28.456	491.965	-152.424	-162.349	-125.637	-83.796	-85.065	-153.371	-155.143	22.047	21.981	102869.000
118.706	1.000	263.000	479.952	50.315	22.268	53.257	0.804	59.104	46.365	31.480	492.721	-152.607	-161.748	-125.257	-84.182	-84.882	-160.422	-168.269	22.047	21.981	102869.000
119.129	1.000	264.000	474.717	47.092	20.569	52.894	1.608	56.305	43.398	29.399	490.074	-153.891	-164.153	-125.257	-84.568	-87.567	-161.402	-167.722	22.047	21.981	102869.000
119.550	1.000	265.000	476.399	47.450	18.494	53.243	1.407	57.619	43.583	28.456	491.398	-154.074	-162.950	-125.637	-83.796	-86.941	-158.268	-162.617	22.047	21.974	102869.000
119.973	1.000	266.000	476.773	49.599	19.437	53.418	2.613	58.557	44.696	30.906	491.587	-152.240	-160.746	-126.399	-83.410	-85.065	-159.247	-166.263	22.047	21.981	102869.000
120.395	1.000	267.000	476.212	46.017	20.381	53.243	2.211	57.243	44.140	29.775	490.830	-151.873	-163.151	-125.637	-83.603	-85.899	-153.763	-159.336	22.047	21.974	102869.000
120.817	1.000	268.000	478.269	48.882	20.569	53.082	1.809	56.477	44.882	30.726	491.965	-154.258	-164.554	-125.637	-84.182	-86.550	-158.072	-162.799	22.047	21.978	102869.000
121.239	1.000	269.000	479.391	48.703	20.192	52.908	2.010	58.353	44.511	30.726	491.965	-153.341	-163.552	-125.447	-84.182	-86.550	-155.133	-156.236	22.048	21.981	102869.000
121.660	1.000	270.000	477.334	47.987	20.569	54.130	0.201	57.415	45.438	30.341	492.154	-154.074	-163.351	-125.447	-83.217	-86.550	-161.205	-164.579	22.048	21.978	102869.000
122.082	1.000	271.000	477.147	49.061	22.268	53.431	1.206	58.729	45.253	30.349	490.452	-151.690	-161.146	-124.876	-83.024	-84.882	-162.185	-168.451	22.048	21.978	102869.000
122.504	1.000	272.000	477.334	49.599	20.947	53.606	1.608	58.166	44.696	30.915	490.263	-152.607	-161.948	-125.447	-83.410	-85.925	-155.133	-158.789	22.048	21.974	102869.000
122.926	1.000	273.000	476.212	47.808	20.947	53.955	1.005	56.477	44.511	30.161	492.154	-154.808	-162.950	-126.018	-84.182	-86.759	-167.278	-171.915	22.048	21.982	102869.000
123.348	1.000	274.000	479.391	49.957	21.890	55.164	1.407	58.932	44.696	31.471	493.099	-152.057	-162.349	-126.399	-83.024	-85.482	-159.247	-162.435	22.048	21.974	102869.000
123.770	1.000	275.000	480.139	49.420	21.513	55.338	2.211	58.369	45.438	31.283	492.910	-152.057	-163.752	-125.828	-83.217	-85.482	-160.422	-164.258	22.048	21.974	102869.000
124.192	1.000	276.000	478.456	48.703	20.192	53.082	1.608	57.040	45.438	30.915	494.045	-155.542	-163.552	-125.447	-84.375	-87.802	-160.618	-163.164	22.048	21.974	102869.000
124.614	1.000	277.000	475.651	47.987	20.569	53.606	2.412	57.228	44.511	30.726	490.452	-153.891	-161.948	-126.018	-83.603	-86.133	-159.639	-161.159	22.048	21.971	102869.000
125.036	1.000	278.000	478.082	49.599	20.947	52.209	2.211	57.978	44.325	30.161	491.776	-152.974	-162.750	-125.447	-84.568	-85.507	-156.309	-163.164	22.048	21.974	102869.000
125.458	1.000	279.000	476.399	46.913	20.569	52.720	2.010	56.868	45.253	31.095	489.507	-152.790	-162.950	-124.876	-83.989	-85.899	-160.814	-166.628	22.048	21.963	102869.000
125.880	1.000	280.000	475.464	44.585	19.815	53.418	1.809	56.305	44.140	29.587	491.398	-152.424	-163.151	-125.257	-83.024	-86.316	-163.556	-167.357	22.048	21.978	102869.000
126.302	1.000	281.000	476.586	49.061	20.569	53.082	1.608	57.040	44.325	30.341	490.263	-153.340	-162.349	-124.876	-83.217	-86.550	-156.113	-161.116	22.048	21.982	102869.000
126.724	1.000	282.000	477.708	49.061	20.003	53.069	2.211	57.994	45.253	29.964	492.343	-153.157	-162.550	-126.399	-84.182	-85.899	-163.165	-163.347	22.048	21.971	102869.000
127.146	1.000	283.000	476.773	47.092	19.248	52.908	0.402	55.539	44.696	29.406	491.587	-154.074	-163.351	-126.399	-83.989	-86.759	-164.536	-166.628	22.048	21.963	102869.000
127.568	1.000	284.000	476.025	46.913	19.248	52.209	-0.000	57.228	44.511	30.152	492.154	-155.175	-163.551	-126.399	-84.761	-88.844	-161.597	-166.037	22.048	21.963	102869.000
127.990	1.000	285.000	479.017	48.524	20.758	53.243	1.608	57.431	44.696	30.529	491.776	-152.974	-163.752	-125.257	-83.989	-86.107	-166.299	-169.910	22.048	21.960	102869.000
128.412	1.000	286.000	478.269	50.136	21.513	53.955	1.608	57.415	45.809	31.669	492.721	-153.707	-161.748	-126.018	-83.217	-85.507	-159.639	-162.070	22.048	21.956	102869.000
128.833	1.000	287.000	477.521	45.838	20.381	52.035	1.206	56.289	43.583	29.595	491.776	-154.441	-164.353	-126.018	-85.147	-88.010	-157.876	-160.429	22.048	21.949	102869.000
129.255	1.000	288.000	480.700	50.315	21.890	54.989	1.005	59.308	46.180	31.095	492.532	-150.956	-162.349	-126.018	-83.796	-85.899	-164.536	-170.092	22.048	21.945	102869.000
129.677	1.000	289.000	475.838	46.913	19.248	53.243	1.206	56.305	44.325	27.514	490.263	-153.524	-163.953	-126.589	-84.568	-86.733	-161.010	-164.623	22.048	21.941	102869.000
130.099	1.000	290.000	476.025	47.629	20.192	53.243	1.206	57.431	44.882	29.775	489.507	-153.341	-163.752	-125.637	-83.217	-85.690	-155.330	-160.794	22.048	21.952	102869.000
130.520	1.000	291.000	478.830	50.136	20.758	54.116	2.211	58.557	45.994	30.718	492.532	-152.607	-161.748	-126.399	-83.410	-85.899	-158.268	-160.430	22.048	21.956	102869.000
130.942	1.000	292.000	476.399	48.166	19.437	52.545	2.211	57.806	44.696	29.964	490.830	-152.974	-162.149	-126.018	-83.217	-86.107	-156.897	-158.060	22.048	21.967	102869.000
131.364	1.000	293.000	475.277	46.555	17.927	52.021	0.603	55.929	42.285	28.079	490.263	-154.808	-163.552	-126.018	-84.568	-86.524	-154.546	-157.695	22.048	21.952	102869.000
131.786	1.000	294.000	476.399	48.524	20.381	52.908	1.206	57.603	44.696	31.283	489.696	-152.974	-162.950	-125.256	-83.217	-86.550	-158.855	-158.382	22.048	21.956	102869.000
132.208	1.000	295.000	474.717	47.092	19.626	53.431	0.201	56.852	43.954	29.587	489.318	-152.790	-161.146	-125.066	-83.217	-86.342	-155.133	-157.835	22.048	21.963	102869.000
132.630	1.000	296.000	477.708	47.271	20.003	54.130	-0.803	57.790	45.067	30.529	492.154	-153.707	-162.148	-125.447	-83.603	-87.593	-155.721	-159.476	22.048	21.964	102869.000
133.051	1.000	297.000	478.830	49.599	21.513	53.606	1.407	57.978	44.882	31.471	491.398	-151.690	-162.148	-125.447	-82.251	-85.716	-165.906	-170.047	22.048	21.963	102869.000
133.473	1.000	298.000	476.773	49.240	19.626	53.243	1.005	58.557	44.140	30.529	490.452	-152.240	-161.147	-126.208	-83.217	-84.648	-155.330	-163.164	22.048	21.967	102869.000
133.895	1.000	299.000	475.277	47.629	20.192	51.860	1.005	56.102	44.325	28.841	491.587	-155.175	-163.552	-125.447	-84.568	-86.967	-159.247	-167.539	22.048	21.960	102869.000
134.317	1.000	300.000	476.586	49.957	20.381	53.257	1.005	58.166	45.067	30.906	490.641	-153.157	-162.349	-124.495	-82.830	-87.176	-160.422	-166.219	22.048	21.960	102869.000
